
1657619544.301226133
1657619544.301226133
1657619661.997885875
1657619661.997885875
1657619711.334410215
1657619711.334410215
1657619847.736201385
1657619847.736201385
1657619932.546674761
1657619932.546674761
1657620571.100810120
1657620571.100810120
1657620691.112904642
1657620691.112904642
1657620751.117682014
1657620751.117682014
1657620811.122436042
1657620811.122436042
1657621269.311091673
1657621269.311091673
1657621512.446955331
1657621512.446955331
1657621638.506762927
1657621638.506762927
1657621789.663617827
1657621789.663617827
1657621849.669654138
1657621849.669654138
1657621909.673449972
1657621909.673449972
1657621969.675124405
1657621969.675124405